t,flux,err
1683.4058034102861,1.0000245876206493,0.012140382467737982
1683.4266369349143,1.002768600776232,0.011771668339232053
1683.447470459783,1.0046663392202195,0.007830751026091752
1683.4683039848728,0.9986625199163015,0.014822453919081694
1683.4891375101643,1.0000821244656164,0.010587258580567787
1683.509971035649,0.997873076582269,0.010993555643498366
1683.5308045612917,0.9982241195095112,0.012955895656467075
1683.5516380870856,0.9969241507259756,0.01277929235295706
1683.5933051390741,0.9953219262207766,0.011065984890908981
1683.67663924432,1.0036546162922648,0.010844683437233726
1683.6974727708305,0.9986766229504349,0.011094445753871338
1683.7183062974016,1.0009283695464428,0.010420324672807806
1683.739139824028,1.0008278901392336,0.01466847335279817
1683.7599733507093,0.998791432278734,0.015270530069309582
1683.7808068774218,0.9959645323100743,0.015003253375464364
1683.8016404041657,0.9979515454540403,0.013298520660590842
1683.822473930938,0.996526683611529,0.013610130621742806
1683.8433074577301,0.9971230497821315,0.01569543615802324
1683.8641409845502,0.9985398918364222,0.015756006712532872
1683.9266415650259,0.9999848151314075,0.01420726141966458
1683.947475091855,1.001492517268914,0.01472959123159554
1683.9683086186767,1.0008027332614564,0.01243940397027198
1683.9891421455022,1.00087261045407,0.01006438144434909
1684.0099756723037,1.0007987192823191,0.014979900872520891
1684.0308091990928,1.0013333568497278,0.011458051522358383
1684.0516427258626,1.001563864640334,0.00977594154471135
1684.0724762526145,1.0029167561732928,0.009831221297772851
1684.1349768327343,0.996312675887924,0.012892406039089508
1684.1558103593852,0.9965461027193422,0.014553170369514774
1684.176643886004,1.0029551293144217,0.013021392129566345
1684.1974774125933,0.998932142065491,0.012456553464621095
1684.2183109391476,1.0009188375714864,0.01315986517436397
1684.2391444656796,0.9977186022043779,0.01578902861122638
1684.259977992164,1.0005184693435265,0.011887701088232434
1684.280811518614,0.9983953439116872,0.015780818746910313
1684.3016450450239,0.999769550517013,0.009105286850803487
1684.3224785713974,0.9972643131143084,0.014055105267673514
1684.3433120977293,0.9997012002697628,0.010589082994860246
1684.364145624033,1.0045477482816982,0.006082414809628465
1684.3849791502835,1.0020845059485617,0.013962789904475099
1684.4058126764944,1.0019954630996977,0.009129916443751681
1684.426646202661,0.9973158860677579,0.014663912317067023
1684.4474797287871,0.9989125694745055,0.014613376041165914
1684.4683132548778,1.0015176949137579,0.0133711323494307
1684.489146780917,1.0027358494138503,0.013731636613620564
1684.5099803069104,0.9968062474736823,0.015248089773512339
1684.5308138328614,1.0026011691214518,0.014354674094495251
1684.5516473587659,1.002186025057207,0.01412005441648505
1684.5724808846278,0.9978658399494796,0.013063718541151391
1684.5933144104529,0.9996756925530929,0.011577550658514435
1684.6141479362248,0.9994903748090094,0.008542637483009185
1684.6349814619496,1.0010795780563748,0.009237009562719013
1684.6558149876314,0.9966597500193071,0.011982023307152555
1684.6766485132657,0.9970791673589978,0.014201240852499466
1684.6974820388568,0.9963179370756295,0.010283858483731884
1684.718315564411,0.9985816371814878,0.0156948888337355
1684.739149089912,0.9999395032125729,0.011477390313858445
1684.7599826153655,1.000117002647348,0.014422542306174721
1684.780816140776,0.9960750914822257,0.01510213663011563
1684.8016496661498,0.9971118809468882,0.014107830840725574
1684.8224831914706,0.9921544908223997,0.01680978840785709
1684.8433167167448,1.0001274537064557,0.01292196155062734
1684.8641502419764,0.9974888984884326,0.014407399667547312
1684.8849837671619,0.9978432721165131,0.01320638773882167
1684.9058172923048,0.9988095674752966,0.012320634599832913
1684.9266508174023,0.995292933591926,0.014074626500602825
1684.9474843424678,0.9990894550281948,0.011164685704131004
1684.9683178674777,0.9952425855680462,0.012052080815982975
1684.9891513924465,0.9985680982409725,0.013034345471042803
1685.0099849173703,0.9993375328028625,0.013449582164006432
1685.0308184422531,0.9941246311593052,0.011975637857128948
1685.0516519671019,0.9992880699863285,0.012806111243056206
1685.0724854919001,0.9990678456709358,0.009556829388187044
1685.0933190166547,1.0011940767549377,0.010102694144490722
1685.1141525413693,0.997294516655259,0.014242655056938282
1685.134986066041,1.0017466910267467,0.011048105630842886
1685.155819590673,0.9981350171968669,0.012666178666824613
1685.176653115273,0.9977381848040298,0.012526063649163777
1685.197486639824,0.9991704864056891,0.012239995488106233
1685.2183201643334,1.001157521738654,0.01197746227142141
1685.2391536888047,0.995196572327752,0.014896342697926276
1685.2599872132348,0.9989532346816139,0.010777727432700489
1685.2808207376374,0.9989748668648576,0.014193213429612645
1685.3016542619896,0.9990770539042855,0.014112391876456722
1685.322487786305,0.9980563738816323,0.011099189231031733
1685.3433213105807,0.9995821522358239,0.012667820639687827
1685.36415483482,0.9995501791941356,0.012889304534792327
1685.3849883590206,0.9996345909124514,0.011910323825458924
1685.4058218831954,0.9990816547089554,0.014944689676676436
1685.426655407322,1.0001351181634919,0.0109455735476067
1685.4474889314135,0.995854890135745,0.016057217512217822
1685.4683224554676,0.9990608417193314,0.013644429610441032
1685.4891559794874,0.9989496820838979,0.013124289095661023
1685.5099895034705,0.9998233196134818,0.012267909026780852
1685.5308230274297,0.9943486206939189,0.01657571605413462
1685.5516565513428,0.9971532829183698,0.012648664289617008
1685.5724900752232,0.9994869948456933,0.010435284870005966
1685.593323599068,0.9986960832629834,0.010975493942003024
1685.6141571228804,1.0012344286321648,0.013615968747478675
1685.6349906466583,1.0001308076547462,0.010316697940996145
1685.6558241704145,0.9988225099518211,0.015115637295879827
1685.6766576941266,1.0026961787364537,0.009754231014631088
1685.6974912178077,0.9994797831349637,0.011972901235690262
1685.7183247414557,0.9972087346469273,0.013891272864210711
1685.739158265073,0.9999689585329451,0.011549089795552078
1685.759991788668,1.0036565793308692,0.013197812991647115
1685.7808253122232,1.0006688677541828,0.017674378341053325
1685.8016588357464,1.0026485595232062,0.009048182683449525
1685.8224923592406,1.002499757332194,0.014661175695628335
1685.8433258827035,1.0000451072152385,0.014466145807764487
1685.864159406148,0.998044786087246,0.014806216631878812
1685.8849929295518,0.9996888310076562,0.012313519384092324
1685.9058264529278,1.0017654713852548,0.014742727014501243
1685.926659976274,0.9971986031125916,0.014348653527330139
1685.947493499593,1.0009200770849223,0.011006326543545579
1685.9683270228827,1.0005431244822496,0.012224305525191088
1685.9891605461557,0.9977171227842446,0.011520446491160474
1686.0099940693906,0.9975951534418915,0.01502733564412482
1686.030827592599,1.0000159185781403,0.010838845311497858
1686.0516611157796,1.0022255443260362,0.009606818339800417
1686.0724946389346,0.9935492560173929,0.014171138016673896
1686.0933281620723,1.0007485085704182,0.011168699415574412
1686.114161685175,1.0014248012664795,0.01238813792865389
1686.1349952082514,1.0002303894625253,0.013954580040159033
1686.1558287313032,1.0030459901556044,0.010479435695883471
1686.176662254329,0.9965072497982806,0.014419440801877542
1686.197495777331,1.0013207794573387,0.011131481364008253
1686.2183293003175,0.9976407846027525,0.013714304677842206
1686.2391628232706,1.000116095174375,0.011725145774774353
1686.2599963461992,0.9973023491573533,0.012761230651461718
1686.2808298691048,0.9967959082378565,0.016398382984907624
1686.3016633919863,1.0011488851520247,0.010982061833455875
1686.3224969148553,0.9994382966333641,0.012343439778488648
1686.3433304376908,0.9994316866623282,0.010397519494152069
1686.3641639605046,0.9998617968171011,0.011562955344174765
1686.3849974832954,0.9992972795482397,0.011296773298905022
1686.4058310060648,1.00190453214824,0.012532813982045874
1686.4266645288214,0.9977691938050623,0.015716052039528024
1686.4474980515477,0.9986499378426003,0.011487242151037724
1686.4683315742518,0.9982835816081507,0.013939802284390117
1686.4891650969355,0.9998190340622263,0.011702523037547864
1686.5099986195978,1.0030182532951195,0.012800090675891091
1686.5308321422403,1.0024386808879557,0.013295601597722907
1686.551665664872,0.998090580452698,0.014013326180376207
1686.5724991874742,0.998480646026653,0.01417405707954183
1686.5933327100558,0.9987564324978028,0.014516317200807104
1686.6141662326186,1.0,0.013974101273088343
1686.6349997551615,1.001237630499451,0.011822022173703916
1686.6558332776858,0.9994354505804892,0.01267110458541425
1686.6766668002006,0.9999610658195625,0.013959505958748671
1686.6975003226876,1.0034554843193364,0.014301948521443194
1686.7183338451553,1.0010273143670443,0.012080906561803823
1686.7391673676054,0.9998753626901613,0.013368943052279751
1686.760000890037,0.99906281456956,0.015337121190984328
1686.7808344124512,1.0036272572063922,0.01051355224315245
1686.8016679348575,0.9973283578232277,0.01547887818150838
1686.822501457237,1.0011892978745145,0.015185694804710246
1686.8433349795987,1.0022123718772753,0.013391383348076996
1686.8641685019438,0.9996965922513268,0.015085716901483503
1686.885002024272,1.0037425250981924,0.009759339374649973
1686.9058355465938,1.0010601696917594,0.012578789222215836
1686.926669068889,0.9975941996336907,0.018995984054510494
1686.9475025911684,0.9990121800270393,0.015056161389945668
1686.9683361134312,1.0007778449227722,0.013020662363849363
1686.9891696356788,1.0035239059122505,0.012221386462323153
1687.0100031579202,1.0009675583520052,0.011257730833046405
1687.0308366801369,1.0029683474828968,0.0113841627435138
1687.0516702023376,0.9991959694267437,0.013019750156703133
1687.0725037245238,0.9977757052786721,0.01226717926106387
1687.0933372466948,1.0033017164430653,0.014407946991835051
1687.1141707688514,0.9980098531901438,0.01359754216312484
1687.1350042910028,1.0014058475352883,0.012190006536492862
1687.1558378131303,1.0009265981531392,0.014400284451806723
1687.1766713352433,1.0015522538739303,0.01351653816853967
1687.1975048573427,0.9980931514036379,0.017511275703307506
1687.2183383794275,1.0006546493565243,0.011660014184533574
1687.239171901509,0.998097851355015,0.01391480780858343
1687.2600054235668,0.9991582756689716,0.01449296469786363
1687.2808389456115,1.001914912679812,0.013017925742410674
1687.3016724676422,1.0030856584297998,0.010974399293427547
1687.3225059896604,1.002507516367176,0.010356835055430239
1687.343339511675,1.0004840699396018,0.011931487031251447
1687.3641730336672,0.9986156189020553,0.011243317960135979
1687.385006555646,1.002864330329191,0.011238209600117094
1687.4058400776128,1.0013497104764182,0.010790133449889208
1687.4266735995668,0.9992188657612474,0.007641376822534528
1687.4475071215188,0.9893522841864134,0.01107583672808826
1687.468340643448,0.9880773146447325,0.0083824539081313
1687.489174165366,0.9830057912909719,0.013781443123804691
1687.5100076872711,0.980822852652505,0.018302889064805386
1687.5308412091651,0.983768033268965,0.01254941615210725
1687.551674731057,0.987761073320028,0.013211678540269802
1687.5933417747863,0.9920339040286209,0.010816952339988353
1687.614175296634,0.9999497093451903,0.011823481705137882
1687.63500881847,0.9994274163845973,0.012495231047621222
1687.6558423402953,1.001521742756826,0.009717742728781911
1687.676675862119,1.0024505675591007,0.012473885400399454
1687.6975093839224,1.0020990568223977,0.011504574086816082
1687.7183429057145,0.998971200833867,0.01385277772263983
1687.7391764274962,0.9991062180907297,0.013244153114675567
1687.7600099492668,1.0003555359560699,0.015182593300413065
1687.7808434710373,0.9992133448214264,0.014218572788277824
1687.801676992787,1.0001246967515618,0.012169390654988076
1687.8225105145266,1.0031579205951888,0.011424117416518649
1687.8433440362555,0.9979963619478708,0.010686141835219055
1687.8641775579747,0.9964053036849542,0.011334356233329674
1687.8850110796832,0.9985838744480059,0.00957963456684278
1687.94751164476,0.9998666306687354,0.013306730524906905
1687.968345166429,1.0016808173141918,0.013990338560291226
1687.9891786880883,0.999521831320339,0.012686429665470905
1688.0100122097379,1.0006741431201318,0.010538181836100644
1688.0308457313881,1.0023184289628984,0.011584665874255023
1688.0516792530184,1.0017813715396415,0.013057150649698538
1688.0725127746396,0.9993346933515137,0.0150503232642098
1688.093346296251,1.0031345270820824,0.01193039238267597
1688.1141798178535,1.0037309701217556,0.009199609069723606
1688.135013339456,0.9981055570313946,0.013566709561582289
1688.15584686104,1.001464213682135,0.011888613295378664
1688.1766803826142,1.0013782443432306,0.012191101185068335
1688.1975139041797,1.0029369032067441,0.012533361306333611
1688.2183474257356,0.9998955196951465,0.011824941236571851
1688.2391809472929,0.999668535998006,0.014379303687443447
1688.2600144688308,1.0020621901681876,0.009101820463647815
1688.2808479903601,1.0002005768361109,0.010471043390138159
1688.3225150333915,1.0036698115228724,0.010693074609530397
1688.3433485549037,0.9997203476673018,0.01362545570179946
1688.3641820763974,1.0018731779764392,0.015610236010565413
1688.3850155978819,1.0023831373730407,0.01317810931728856
1688.405849119358,1.0008250554741442,0.014183179151004123
1688.426682640825,0.9972406479871699,0.012369711344300056
1688.4475161622836,1.0044065846007306,0.010598205066322539
1688.468349683743,1.0062052174766123,0.011676616354594948
1688.4891832051844,0.998610761557546,0.014585097619632802
1688.5100167266169,1.0015892241056468,0.01078247090986088
1688.5308502480407,1.0015205185040852,0.011241128662985028
1688.5516837694556,1.0042341197592357,0.013654828771908049
1688.5725172908722,1.0006556203378782,0.01535427068533344
1688.5933508122698,0.9972567184332208,0.015515366467357555
1688.614184333659,1.0020980691245718,0.013833986255427505
1688.6350178550395,1.0034781716788146,0.011071275692357113
1688.6558513764217,1.0016495767715885,0.010531066620360055
1688.6766848977848,0.9984216754327684,0.01373765718078568
1688.6975184191397,1.0022511074841964,0.012172674600714504
1688.7183519404855,0.9990961803063481,0.012295640124026227
1688.7391854618231,1.0018685436360104,0.00947509562788489
1688.760018983152,1.0016215741373353,0.011672785084580787
1688.7808525044823,0.994915580794406,0.014043976340489516
1688.8016860257935,0.9973014138491313,0.011603822224325842
1688.8225195470966,0.9991569551821246,0.015046674435624883
1688.8433530683906,0.9962189198945793,0.012079629471799103
1688.8641865896761,1.0019020288082652,0.014440056683382326
1688.8850201109528,0.9974878409914025,0.017518026036189602
1688.905853632231,0.9989569867837057,0.012229231443780726
1688.92668715349,1.0001583542861279,0.012800638000178829
1688.9475206747406,1.0021558270426505,0.010942654484738766
1688.968354195982,1.0026067382540584,0.010239890099283628
1688.989187717215,1.0039917005551353,0.006020019840826373
1689.0100212384486,0.9963395149493676,0.013645159376158017
1689.0308547596637,1.0014600755377208,0.012585357113668687
1689.0516882808695,0.9996829251698767,0.010519755251746811
1689.0725218020668,1.0011605778387151,0.01161768777294853
1689.0933553232546,1.0001582606794652,0.012590283032258327
1689.1141888444436,0.9978991656044341,0.009898542185164581
1689.1350223656132,1.0031297559520171,0.008989618984661597
1689.155855886774,0.997715909424894,0.015648731152136292
1689.176689407925,1.000249260600765,0.010169832590453209
1689.1975229290672,1.0001686101442142,0.011061423855177834
1689.2391899713334,1.0011291826617785,0.012519495757710924
1689.2600234924469,0.9974962451002453,0.014083018806348133
1689.2808570135517,1.0053545598407048,0.008099669692800184
1689.3016905346462,1.0012728445744383,0.01035008472254814
1689.3225240557315,1.0025050183272166,0.009230624112695407
1689.3433575768167,1.0026741283312324,0.010545114610411988
1689.3641910978827,1.000917527706902,0.011159759785541365
1689.3850246189384,1.0018416579022247,0.010697270762403054
1689.4058581399845,1.0045677771933643,0.009943057893900577
1689.4475251820566,1.0010741822176688,0.011821657290845425
1689.468358703072,1.003226272724341,0.011787175860717954
1689.489192224078,1.0011888060654555,0.013529673951445373
1689.5100257450729,0.9945209607202639,0.017143656223377053
1689.5516927870422,0.9999442724526987,0.010735036138256951
1689.5725263080062,0.9937983007755525,0.01436233663452358
1689.5933598289591,0.9980030497784456,0.008638054350504782
1689.6141933499016,1.0044005277255568,0.008981591561774778
1689.635026870833,1.0036477350145734,0.01401989407182906
1689.6558603917638,0.996641253386395,0.01234909546279527
1689.676693912673,0.9978408483092267,0.013206935063109408
1689.6975274335718,1.0009786558350817,0.011781520176411332
1689.7183609544586,1.0000948164351249,0.010201759840571239
1689.7391944753347,1.000313461890093,0.013696790300634603
1689.760027996199,0.9979451862389804,0.01513771270881858
1689.7808615170618,0.9979749831658615,0.010327097102463158
1689.8016950379026,0.9978760766586071,0.009021546234779626
1689.822528558732,0.9993823935904876,0.012251854181007216
1689.8641956003644,0.997608816477786,0.013603745171719202
1689.885029121157,0.99950420630559,0.009639292914206184
1689.905862641938,1.0031778527829998,0.008016476401064062
1689.9266961627059,0.9977486456472154,0.009976079792594083
1689.9683632042147,0.9999026698148392,0.013354530179369327
1689.989196724945,0.996344485790057,0.012890581624797049
1690.010030245662,1.0008589470231817,0.010221281073500546
1690.0308637663663,1.0004047648603185,0.015386562818309961
1690.0516972870569,0.9957747980723274,0.012002091864369603
1690.0725308077447,0.9953092459958677,0.010687783808082269
1690.0933643284081,0.9970345546290291,0.011344025629079704
1690.1141978490587,0.9991703439452652,0.013153844607198857
1690.1350313696946,0.9980050143166436,0.011506945825396278
1690.1558648903174,1.0022811690537177,0.00939226721900726
1690.1766984109352,1.0022159556314858,0.009306519747261694
1690.1975319315293,0.9996394588759623,0.011468450683825397
1690.2183654521084,0.9961370567858115,0.013610313063172053
1690.2391989726734,0.9969692646214772,0.01127871159740968
1690.2600324932232,0.9986253493824694,0.00974656847460276
1690.2808660137684,1.0009908411551376,0.012620568309513145
1690.301699534288,0.9940793384225073,0.014173874638112583
1690.322533054793,1.0013443673824736,0.013301804606317266
1690.3433665752816,1.0000641462379378,0.011698144443245963
1690.3642000957552,0.9981819736646975,0.015038282129879574
1690.3850336162225,0.9967502113667891,0.015856349498618107
1690.4058671366645,0.9998399051723004,0.015012922771214396
1690.4267006570892,1.001441510041326,0.005135726233271583
1690.4475341774985,1.0010971130908164,0.010381829531236923
1690.4683676978905,1.0015180594609674,0.010988629724908728
1690.4892012182663,0.9974253915903342,0.013444656245416794
1690.5100347386344,1.0025958866581133,0.010876063363064018
1690.5308682589762,0.9989299725671665,0.010571386176223396
1690.5517017792995,1.0002796629305122,0.010292980555194179
1690.5725352996062,0.9973763696874426,0.015293882572253054
1690.5933688198943,0.9938674601156308,0.017013757925753985
1690.6142023401753,0.9971352099236017,0.013823769535389736
1690.635035860427,0.9970239706278782,0.012230143650926955
1690.6558693806614,0.9981170095408256,0.01027072270082618
1690.676702900876,1.0022920053383837,0.01093134311612552
1690.697536421073,1.001468444367244,0.009723215971659288
1690.7183699412597,0.9996173920675192,0.013066820045448572
1690.739203461418,1.0042539754288555,0.011592693297141842
1690.7600369815557,0.9993459849905056,0.012599769986579112
1690.7808705016748,1.000890229630961,0.01587094481295778
1690.8017040217728,0.9977832237084775,0.013887624035625795
1690.8225375418615,1.001665614100647,0.013833986255427505
1690.8433710619186,1.0034090169517746,0.012812679134509057
1690.864204581956,1.0036258201630048,0.012345264192781107
1690.8850381019715,1.0014463639016298,0.014735064474472917
1690.9058716219668,1.0004084734382392,0.013594440658827662
1690.9267051419495,1.0007230578245125,0.013800234591017016
1690.9475386619015,1.002536317043915,0.01577516306260369
1690.9683721818303,1.004674566118856,0.009545153136715306
1690.989205701738,0.9982161213263838,0.01649288764525699
1691.010039221622,1.00551908826318,0.009686727685810111
1691.0308727414942,0.9995700460108302,0.016912138049664027
1691.0517062613326,0.9993425261924848,0.012416051467328508
1691.0725397811486,1.0031410202581024,0.013371497232289194
1691.0933733009397,1.0018488984526426,0.01190649255544476
1691.114206820708,1.0012015831128367,0.009605176366937203
1691.135040340461,0.9999124173435363,0.016081117339449037
1691.1558738601807,1.0062435937294325,0.008237048089022333
1691.1767073798744,0.9990798268702742,0.010754010046898523
1691.1975408995443,1.0026117484272845,0.014322199520089486
1691.2183744191875,1.0046841105208975,0.011348039340523116
1691.2392079388162,1.0004690316370537,0.013650267736176901
1691.2600414584078,1.003292019648144,0.016404221110643494
1691.2808749779742,0.9984343899433862,0.014705873845793577
1691.301708497513,1.0029272533809932,0.010003446006980964
1691.322542017026,1.0002537628888466,0.012188547005058895
1691.3433755365204,0.9982480394440029,0.011398210733565731
1691.3850425754076,0.9968416103040303,0.011980563775718588
1691.4058760948099,0.99431638524004,0.013300892399171036
1691.426709614182,1.0042312741462216,0.012123415414818114
1691.4475431335368,1.0008812008850654,0.010757841316912688
1691.4683766528508,0.9975613741567326,0.016371016770520743
1691.4892101721368,1.0012140220125,0.00819289726314483
1691.5100436913915,0.999625906459852,0.01404379389906027
1691.5308772106173,1.000364607935537,0.01358166975878045
1691.5517107298208,1.0021400012802344,0.012115935316219033
1691.572544248985,1.0003250365956455,0.014465233600618257
1691.5933777681164,0.9984478188651104,0.016420823280704867
1691.6142112872176,1.001124199045987,0.0129746871236794
1691.635044806295,0.9995679195540983,0.009023735531930577
1691.6558783253315,0.9961924263935443,0.012545584882093085
1691.6767118443338,1.003143205082658,0.009434228747733812
1691.7183788822394,0.9951584840299301,0.01758717133787379
1691.7392124011424,0.9963812548695181,0.011159394902682872
1691.8017129576497,0.998635501324697,0.013029784435311657
1691.8225464764125,1.0025829287847774,0.012691720466919037
1691.8850470324896,0.9909615459094798,0.005119488946068699
1691.9267140696825,0.9863665383287684,0.009114591363695027
1691.9475475882227,0.9865124899241609,0.01068103347520017
1691.9683811067225,0.986685138179314,0.013041095803924901
1691.9892146251952,0.9898794319633932,0.007574603259430534
1692.0100481436164,0.9839677264972448,0.013809903986767048
1692.0308816619995,0.9903345588444484,0.009694025342979947
1692.0517151803401,1.0001128800848333,0.011411164075042191
1692.0933822169102,0.9960412956806785,0.015207040451932014
1692.135049253303,0.9998809782263052,0.010462103760105113
1692.1558827714364,0.9983025968022387,0.011769661483510349
1692.1767162895342,1.0028991113778591,0.00954241651527662
1692.2183833255801,0.9998702722986575,0.00927878865001632
1692.2392168435374,0.9986686003259092,0.01204040456451124
1692.260050361447,1.0036353312697566,0.013386822312345848
1692.2808838793228,1.0021651207321072,0.007804661901709592
1692.30171739714,0.9959926770071816,0.016002667524873306
1692.3225509149127,0.9995991317884528,0.012911197506301833
1692.3433844326357,1.003234832302104,0.010820966051431761
1692.3642179503229,1.0023889145655578,0.01144436841516494
1692.426718503056,0.9990204526378841,0.01597730816620813
1692.4475520205356,1.001227992624145,0.01379749796957833
1692.4683855379717,0.9997910797011131,0.01488685574360549
1692.4892190553492,1.0002431607260298,0.014405210370396361
1692.510052572672,0.9957804287572222,0.017724002409808204
1692.530886089945,1.000844186619402,0.011670778228859079
1692.551719607162,0.9990320502876447,0.013589332298808777
1692.5725531243381,1.0013375844968235,0.011275062768824763
1692.593386641447,1.0043740338935712,0.009639292914206184
1692.6142201585037,0.9990076431795993,0.012297829421177176
1692.6350536755017,1.0070901548088644,0.009426748649134729
1692.6767207093415,0.9979776537203545,0.016753231564790864
1692.6975542261719,1.003807389371966,0.007959737116568591
1692.718387742941,1.0020047953367588,0.012863762734697904
1692.7392212596542,1.0059083509613047,0.0032967166264730903
1692.760054776305,1.0032757939770536,0.00957963456684278
1692.7808882929085,1.002167893670507,0.015381636899720323
1692.801721809438,1.0027031822230896,0.012621480516659372
1692.8225553259092,0.9989931724563448,0.011137866814031859
1692.8433888423149,1.0008987304891424,0.00971336413448001
1692.8642223586608,1.0021751966688366,0.006816559120913894
1692.8850558749496,0.9986887231348863,0.011593787945717318
1692.9058893911674,1.002780247648744,0.007747375292926386
1692.9267229073166,0.9974112091553359,0.01421036292396176
1692.9475564234033,1.0047412879789404,0.006907962276966081
1692.9683899394302,0.9952739366503458,0.014702954782925642
1692.9892234553827,1.0007151075309362,0.007784593344492546
1693.0100569712638,1.0029068683185178,0.006919638528437818
1693.0308904870794,1.0067512094216218,0.005442592717263156
1693.0517240028219,1.002392546852959,0.009961302036825164
1693.0725575184974,1.0017360710876133,0.01269372732264074
1693.11422454964,0.9984205205881169,0.010620645362119784
1693.1350580650956,1.001059773190722,0.012926340144929242
1693.1558915804808,1.000585835479785,0.015024416581256887
1693.176725095788,1.0032551355596317,0.008977395408902121
1693.1975586110334,1.0016431406776436,0.013143810328590333
1693.2183921261887,1.0005523924781203,0.013052042289679653
1693.2392256412709,1.0015863270594323,0.010195191949118386
1693.260059156271,0.9999976049331095,0.00900494406471825
1693.280892671206,0.9985154021068631,0.012035113763063108
1693.3017261860473,1.0052314481962512,0.007013413423070201
1693.322559700812,1.0012376826145912,0.011705624541845044
1693.343393215491,1.000896386440392,0.009153816270982891
1693.3642267300916,0.999667804780328,0.009302506035818284
1693.3850602446043,1.0038357585669033,0.009844904404966291
1693.405893759047,1.0019349358254166,0.007376471867269507
1693.42672727339,1.0024392622294371,0.007765619435850974
1693.4683943018204,1.0017856909105618,0.009258355209940781
1693.4892278159057,1.0077209729520222,0.009409051830497879
1693.5308948438133,1.0015893097625355,0.013747144135106465
1693.551728357623,1.0014388317181828,0.005439673654395223
1693.572561871345,0.9978615978409391,0.01516380183320074
1693.593395384979,0.995124099431914,0.014675406127109514
1693.6142288985131,1.0036775167436598,0.01404288169191404
1693.6350624119473,1.0003487091070313,0.011537231102651094
1693.6558959252893,1.00231210685549,0.01182676565086431
1693.6767294385386,0.9985002617548404,0.008626560540462291
1693.6975629516842,1.00373903570327,0.003692979410795146
1693.7183964647245,1.000378861886862,0.004733625323213658
1693.739229977669,0.9966148294918626,0.011659466860245837
1693.760063490506,0.9984285339682725,0.010796518899912814
1693.7808970032547,0.9988038412539965,0.010021872591334798
1693.8017305158837,0.9975535938235408,0.008102771197097363
1693.8225640284122,0.9980786739388209,0.006504401835474191
1693.8433975408284,0.9981674524031641,0.00552615089185777
1693.8642310531416,1.003080482707586,0.001750343072184994
1693.8850645653501,0.995188588835799,0.008428064265442771
1693.9058980774435,1.000181149277333,0.006783902105078882
1693.9267315894192,1.0034648628528566,0.002411693253201315
1693.9475651012876,0.9953860765148713,0.013517997699973637
1693.9683986130358,1.0010593387823437,0.0060143641565197515
1693.989232124684,0.9958103268782318,0.01226407775676669
1694.0100656361992,1.0003255353292977,0.003219543901902082
1694.030899147602,0.9985985770386341,0.00838646761957471
1694.051732658879,0.9942158827972785,0.01276688633576834
1694.072566170051,0.9994146687677603,0.006560593795681922
1694.0933996810845,1.0017453706789556,0.004976637306969173
1694.1142331920005,0.9949503760262968,0.013537154050044454
1694.1350667027848,0.9978299593361548,0.00830363921069708
1694.155900213449,1.00161396945949,0.009251239994200192
1694.1767337239887,0.9935132031695224,0.013204563324529212
1694.1975672343954,1.0017125525346162,0.007094599859084619
1694.2184007446647,1.0021846204296434,0.005769345317042531
1694.2392342548083,1.0025979768664157,0.0012347635931361299
1694.260067764811,0.9998592391244134,0.010062009705768891
1694.2809012746957,1.005777135823399,0.0005423983691480082
1694.3017347844263,0.9991733128527771,0.007727854059997076
1694.3225682940256,1.0009616244909179,0.006225631331586482
1694.343401803478,0.9967015772653732,0.011184389378489559
1694.364235312796,1.0011314748965947,0.007773829300167038
1694.3850688219738,0.9995739031261326,0.012256415216738363
1694.4059023310044,1.006537889893429,0.00820658037033827
1694.4267358398815,1.0028338000103578,0.008468383821306111
1694.4475693486186,1.0001156678206435,0.011001400624955941
1694.4684028571985,1.0003808910336485,0.011203545728560377
1694.4892363656452,0.9990136698255594,0.008095108657069036
1694.5100698739218,1.002223204418975,0.008224642071833613
1694.530903382052,1.0033103029986528,0.010204678903439172
1694.5517368900184,1.003106309826195,0.010564818284770544
1694.5725703978453,0.9989287672811521,0.008414746041107821
1694.5934039054953,0.9971187277781648,0.013415283175308206
1694.6142374129925,1.0012146113651539,0.007882017067709846
1694.6350709203193,1.0049173328903713,0.009166222288171611
1694.6559044274902,1.001471999576475,0.0061641485699306196
1694.676737934497,0.9982552476177695,0.006325974117671717
1694.697571441335,0.9965389239205289,0.011157570488390415
1694.7184049479954,0.9994227052925719,0.004693853091638056
1694.7392384544935,0.9968841080527523,0.006487617223983569
1694.760071960821,1.000450031954182,0.006950836012838863
1694.7809054669729,0.994969627659054,0.012763419948612669
1694.8017389729407,1.0002413820735239,0.00622526644872799
1694.8225724787399,0.9997228572665124,0.008658852673438813
1694.8642394898015,0.9924430189365584,0.009792543714772724
1694.8850729950507,0.99340889902592,0.010490747064496715
1694.9059065001252,1.003747078237122,0.006970722128626665
1694.9267400050057,1.0014108472426715,0.008904783720062263
1694.947573509709,0.9988578517264763,0.010378363144081252
1694.9684070142248,0.9953240972988101,0.014672122181383088
1694.9892405185506,1.0010441532583016,0.005911467190425074
1695.0100740226762,0.9984333747773818,0.006880778504008445
1695.030907526619,1.00268684358316,0.008496297359980733
1695.0517410303696,0.9912591310257491,0.013057150649698538
1695.0725745339248,0.9985155721418483,0.013686573580596833
1695.0934080372754,1.000634655975824,0.008539900861570497
1695.1142415404383,0.9897273890303566,0.018292854786196862
1695.1350750433946,1.0010820952797492,0.010488192884487274
1695.155908546172,1.0024046290589292,0.006951018454268111
1695.1767420487308,1.0007672691994056,0.013029237111023918
1695.1975755510994,0.9966892097678203,0.014077910446329249
1695.2184090532587,1.0001182660420438,0.014041057277621583
1695.2392425552364,0.9928285549730567,0.018576733650103455
1695.2600760569949,1.0066367776843668,0.00753939206358608
1695.2809095585615,1.0042861221615489,0.012360589272837761
1695.3017430599189,1.0028639010616813,0.01079141053989393
1695.3225765610853,1.0039054770040854,0.009267842164261568
1695.3434100620539,1.0029701463323266,0.011230182177230274
1695.3642435628224,1.00390125036848,0.011142975174050744
1695.3850770633858,1.0028548084613043,0.00890569592720849
1695.4059105637616,1.0030803842200862,0.008543732131584662
1695.4267440639462,1.0005682425585056,0.013542262410063339
1695.4475775639366,1.0025365842127205,0.008900040242901868
1695.4684110637313,1.0023136917892437,0.013443744038270563
1695.489244563347,1.00285925358165,0.009532382236668096
1695.5100780627745,1.0036497027600988,0.011504756528245329
1695.5309115620396,0.9999091151924838,0.011946629669878854
1695.5517450611162,1.0000822070959337,0.013077219206915586
1695.5725785600293,1.0026573547737785,0.008420766608272935
1695.5934120587767,0.997285628016148,0.011198072485682999
1695.614245557372,1.0034418041921283,0.009292654198639007
1695.6350790558272,1.002777427288133,0.01132833566616456
1695.655912554135,0.99759209795269,0.011625350312976858
1695.6767460523126,0.9990554469050983,0.011300787010348432
1695.6975795503706,1.0033852678398654,0.00756329189081729
1695.7184130483226,1.002610898613936,0.009116780660845977
1695.7392465461876,1.0012415624238677,0.00815166550013526
1695.7600800439664,0.9981086182927319,0.016564404685521377
1695.7809135416755,1.0018498350851366,0.01088263125451687
1695.801747039345,1.0006798001689745,0.01526523926786145
1695.8225805369882,0.9987886062036775,0.011913425329756103
1695.843414034626,0.9964668812745733,0.012832747691726104
1695.8642475322679,0.994619545106725,0.018186491432946518
1695.8850810299678,0.9977811055625485,0.011326876134730593
1695.9059145277206,1.0021548265740736,0.010316880382425389
1695.9267480256055,1.0037305291957312,0.013109146457033616
1695.947581523592,1.0005793873023974,0.015882256181571023
1695.968415021777,1.0007637601373314,0.01679409844494194
1695.9892485201433,1.0009931212601462,0.012745540688546572
1696.010082018809,0.9999635351287065,0.01326221481617091
1696.0309155177295,1.0038389112033914,0.008462910578428734
1696.0517490170464,1.0005649164030406,0.009370556688926997
1696.0725825167262,0.9996441010106143,0.009783239201881185
1696.093416016928,0.9995795602718474,0.005494953407456725
1696.1142495176173,0.9978585260163342,0.009341183618818413
1696.1350830189645,0.9990449420203807,0.00665327404173883
1696.1559165209223,0.9984354851597684,0.0058872024803353715
1696.1767500237154,0.99944148946419,0.007278135936905975
1696.197583527282,0.9996312520822187,0.009541869190988882
1696.2184170318626,0.9987989711830583,0.008692969220707792
1696.23925053738,0.9946262082392678,0.010856359688705464
1696.2600840441314,0.9993028934833037,0.007435765331774419
1696.3017510613643,0.9915673866688716,0.012856465077528068
1696.3225845720444,0.986673830203197,0.006780070835064718
1696.3642515983706,0.9877362411382552,0.00888398539712823
1697.385096365764,0.9991842445481369,0.016954829344107566
1697.405929963511,1.0002868313837305,0.016410424119237852
1697.426763561552,0.9999896915908151,0.015905061360226756
1697.5309315554878,0.9976483711495777,0.015035545508440884
1697.5517651548712,0.9999672361995269,0.016927828012579173
1697.5725987544229,1.002878190151923,0.012509461479102401
1697.635099553838,1.0034068829977865,0.012429187250234211
1697.655933153863,0.9992422526563328,0.013221530377449078
1697.6976003541772,0.9994636501003841,0.012672016792560482
1697.7184339544347,1.0000075942602884,0.012927252352075471
1697.7392675547524,0.9970022575514322,0.019841782520494407
1697.7809347555344,0.9988002875330568,0.01307302305404293
1697.8226019564388,0.9986412203253708,0.01355813481440773
1697.8434355569213,0.9994716267265558,0.012449985573168244
1697.864269157429,1.00388684826603,0.010281304303722443
1697.8851027579308,1.002157333056131,0.01400967735179129
1697.9267699589352,1.0008314773882219,0.015503690215885818
1697.947603559438,0.9988617253241625,0.013727805343606401
1697.968437159915,0.9997141061391366,0.015519380178800963
1697.9892707603776,1.00202977396072,0.012803192180188272
1698.0309379612327,0.9990911902068752,0.015859998327203025
1698.0726051619856,0.997220577403121,0.016627894302898943
1698.0934387623058,0.9974789971832122,0.017015947222904934
1698.1142723625924,1.0006439948440409,0.014157090026621962
1698.1351059628466,1.0020552810452725,0.010938640773295354
1698.1559395630522,0.9965561212610294,0.01610428740096326
1698.176773163211,0.9991005425608507,0.015862187624353975
1698.1976067633273,0.9970906031792339,0.01830325394766388
1698.2184403634028,1.0002349273877553,0.013781443123804691
1698.2392739634222,1.0000411763024848,0.015890466045887088
1698.2601075633877,0.9927729069145664,0.018761364376500292
1698.2809411633039,0.9969821313972831,0.019060933203322028
1698.3017747631634,1.0047218567736873,0.015486540721536705
1698.322608362981,0.997292546399122,0.013948924355852411
1698.3434419627297,1.0014835577082135,0.018634932466032893
1698.3642755624244,1.002405455962039,0.012170850186422043
1698.3851091620581,0.99695718864,0.018153834417111506
1698.405942761646,1.0019344538445791,0.015222183090559421
1698.426776361161,1.0008793971771146,0.015207952659078244
1698.447609960619,0.9982289364165908,0.014905647210817816
1698.468443560013,0.999175475427755,0.0103053865723829
1698.4892771593584,1.004443095974014,0.01196943484853459
1698.5101107586288,0.9976300994979371,0.014473625906363568
1698.5309443578396,1.0001920078147892,0.016433959063610573
1698.5517779569846,1.0013016847808327,0.011163226172697037
1698.5726115560692,1.0022035802670421,0.012457465671767325
1698.5934451550975,0.9996603840801649,0.014154718288041766
1698.6142787540546,0.9997904631899005,0.015720613075259172
1698.6351123529448,0.9985098550777097,0.012809395188782631
1698.655945951774,1.0035417326688567,0.012433930727394606
1698.6767795505457,1.0004063761093256,0.01083173009575727
1698.6976131492456,0.9984593075704877,0.015090825261502388
1698.7184467478783,0.9989202918961722,0.015534340375999127
1698.7392803464493,1.0039484248228658,0.014033212296164008
1698.7601139449628,0.9971093294402112,0.01839301513085285
1698.8017811417787,0.9973333388511021,0.016871088728083707
1698.8226147400915,0.9985921969540408,0.013395579500949651
1698.8434483383369,0.9972118805337257,0.01403084055758381
1698.864281936531,0.9980703817640174,0.01606761667368484
1698.8851155346476,1.002096513567212,0.013659754690497686
1698.9059491327037,0.9997734069705695,0.012475709814691913
1698.9267827306926,1.0006481379807082,0.013456879821176267
1698.9476163286306,1.0011624220043736,0.009611196934102317
1698.9684499264924,1.002267878887836,0.012637717803862256
1698.9892835242936,1.00071177194089,0.011375770437768488
1699.0101171220288,1.0047605749673874,0.011189497738508443
1699.030950719714,1.0000518957347175,0.015350804298177768
1699.0517843173238,0.9997210837316789,0.013985230200272342
1699.0726179148737,0.9986851674001456,0.01548508119010274
1699.093451512359,1.0014723916495811,0.01384803424547944
1699.114285109795,0.9976923404797742,0.016035506982137564
1699.1351187071568,1.001614130553278,0.012416598791616247
1699.15595230446,0.9980112114673835,0.014795270146124057
1699.1767859016995,0.9966280051858695,0.015579768291881351
1699.1976194988908,0.9969965836553801,0.012247293145276067
1699.2184530960092,0.9994397666210599,0.013128120365675186
1699.2392866930697,1.0011708110072597,0.013019202832415396
1699.2601202900682,0.9982950917082267,0.012556348926418591
1699.2809538870197,1.000189969394789,0.015696895689457206
1699.3017874838995,1.0009676638225231,0.010901057838870704
1699.322621080723,1.0017501375476066,0.008672535780632254
1699.3434546774854,0.9977509951655829,0.014037773331895155
1699.3642882741922,0.9956890183572842,0.01693384857974429
1699.3851218708485,0.9988041702913621,0.013839277056875637
1699.40595546744,0.9992737443117901,0.015318147282342756
1699.4267890639717,0.9979452498425971,0.01599445766055724
1699.447622660449,0.9964489557588188,0.016120889571024637
1699.4684562568775,0.9989022813695048,0.012446884068871063
1699.489289853242,0.9988254552006922,0.012453816843182407
1699.5101234495487,0.9977863485371979,0.015890101163028598
1699.530957045802,0.9978225733991274,0.01649872577099286
1699.551790642008,0.9965387137814689,0.013032156173891852
1699.5726242381515,0.9975488085328517,0.013816836761078392
1699.5934578342383,1.0042909311655568,0.00899928838041163
1699.6142914302734,0.9998661995532732,0.013396126825237388
1699.6351250262524,0.9983171128017856,0.014362519075952826
1699.6559586221902,0.9993217046281537,0.012343257337059403
1699.6767922180627,0.9995072779480028,0.01689298169959321
1699.6976258138848,0.9959964151314421,0.018219330890210772
1699.7184594096525,0.9949114955780706,0.014407946991835051
1699.760126601044,1.0047979077242164,0.011041172856531542
1699.7809601966587,0.9998816900048044,0.014341720753018795
1699.8017937922202,0.9994545141909484,0.014374560210283053
1699.822627387743,0.9969641025801879,0.015148476753144086
1699.8434609832038,0.9980197843397384,0.016592500665625242
1699.8642945786164,1.00051828649775,0.013347597405057985
1699.8851281739774,0.9991001273360176,0.01715004167340066
1699.9059617693008,1.0007210160717297,0.012799908234461845
1699.9267953645635,0.9986428722939931,0.01544166012994222
1699.9476289597794,0.9967819400677704,0.01689699541103662
1699.968462554945,1.001291298943856,0.012482642589003256
1699.9892961500645,1.001383339626947,0.012758858912881522
1700.0101297451442,0.9970910598847194,0.015797056034113195
1700.0309633401687,1.000393255762351,0.01421656593255612
1700.051796935144,0.9997239392262205,0.014219484995424053
1700.0726305300846,1.0011086297244978,0.012346723724215074
1700.0934641249667,0.9977144159130386,0.01397866230881949
1700.1142977198047,0.9989307348203496,0.015235683756323618
1700.1351313145947,1.0018997737784816,0.012536462810630792
1700.1559649093413,1.0011950676728023,0.015303551968003086
1700.1767985040506,0.9973930722380037,0.012794070108725977
1700.197632098707,1.0008521542270694,0.01263042014669242
1700.2184656933166,1.0014855636223479,0.014112574317885967
1700.239299287894,1.0029154661746245,0.014315996511495125
1700.2601328824155,0.9989623375601845,0.012644833019602845
1700.280966476895,0.9999440203203258,0.01438532425460856
1700.3018000713291,1.0029663846154757,0.01235839997568681
1700.322633665732,1.0020202780237009,0.011029131722201314
1700.34346726008,0.9989610915261777,0.011498735961080215
1700.364300854387,0.999024366553384,0.012308958348361177
1700.38513444865,0.9972655679315734,0.014282609729943128
1700.4059680428825,0.9954819263861837,0.017272642313853892
1700.4268016370618,1.0029834390902814,0.009438789783464959
1700.4476352312008,0.9981702062008235,0.015663508907905212
1700.4684688252971,0.9997424431195907,0.011962137191364755
1700.4893024193639,0.9980618326255628,0.014884484005025294
1700.5101360133783,0.9975518558627615,0.015627932829202263
1700.5309696073539,0.9990031093078738,0.015707659733782714
1700.5518032012874,0.9987696317731959,0.015295706986545513
1700.5726367951827,0.9993894631952182,0.013187961154467836
1700.5934703890466,0.9965101628999375,0.01470696849436905
1700.6143039828626,1.00255286380953,0.012629872822404683
1700.6351375766374,0.9965289273569242,0.015803623925566047
1700.655971170375,0.9984865244883745,0.014135197055112457
1700.6768047640821,0.9968691463841738,0.013040913362495654
1700.6976383577423,0.9989021166412094,0.015185329921851752
1700.7184719513625,1.001417745105464,0.012698653241230382
1700.7393055449463,1.0004120337774651,0.009687457451527097
1700.7601391385006,0.9852064597175799,0.013618158044629626
1700.7809727320086,0.9853491558884918,0.013527667095723669
1700.8018063254779,0.9831388500617683,0.015393860475479797
1700.8226399189111,0.9795198181907855,0.015999748462005373
1700.843473512316,0.9879002651261894,0.008773790773863718
1700.8643071056756,0.9811678693057071,0.011381791004933604
1700.8851406989972,0.9842350192908469,0.015124941808771367
1700.9059742922839,0.9904867575027317,0.014577252638175229
1700.9268078855428,0.9983458805649552,0.012813956224513779
1700.947641478757,0.9988914695660832,0.011274150561678532
1700.9684750719343,0.9970206466084722,0.015254840106394434
1700.9893086650773,0.9998863047767778,0.013427689192496926
1701.0101422581836,0.9955484578023445,0.015883898154434237
1701.030975851266,1.0020470965659125,0.012799908234461845
1701.0518094443019,0.9990613854359979,0.013247254618972748
1701.0726430373045,0.9985715193563364,0.013959505958748671
1701.093476630281,0.9977938853314624,0.009184283989666952
1701.1143102232145,0.9996543508831534,0.014537662848028873
1701.1351438161123,0.9985409808229607,0.01566131961075426
1701.1559774089772,0.9984083021820428,0.01530866032802197
1701.176811001807,1.001669911857947,0.010889564028828212
1701.1976445946143,0.9987302940463729,0.011341471449070262
1701.2184781873766,1.0029249313299653,0.008293787373517802
1701.2393117801068,0.9995366010483104,0.010538729160388383
1701.2601453728123,1.0005163753650688,0.015372332386828783
1701.2809789654762,0.9949585720788849,0.015176025408960214
1701.3018125581057,0.9993621940781197,0.012385583748644447
1701.3226461507038,0.9989169878375361,0.01172697018906681
1701.3434797432678,1.000659001817684,0.012825814917414762
1701.3643133358107,1.0005229848002102,0.015179856678974377
1701.3851469283097,1.0000179922222723,0.011733902963378156
1701.405980520778,0.9988193012811712,0.015404624519805303
1701.426814113223,0.9984961598074553,0.012601411959442326
1701.4476477056273,1.0001988586219412,0.013413093878157254
1701.4684812979983,1.0019816942552282,0.01072226523820974
1701.4893148903393,0.997730000672772,0.012252401505294951
1701.510148482647,0.9991531353256324,0.014436407854797407
1701.530982074935,0.998599067722158,0.014124068127928458
1701.5518156671803,1.0017054828257823,0.012303667546913045
1701.5726492593956,1.004013320924378,0.014152164108032324
1701.5934828515888,0.9968569045342688,0.018033970398096958
1701.6143164437424,0.9994211870336693,0.014220397202570283
1701.6559836279557,1.004665136894047,0.012602689049447046
1701.6976508120567,0.9996089288558709,0.014182266943857894
1701.7184844040562,1.000729119503077,0.015784285134065986
1701.7393179960266,0.9975108185069994,0.012987640465155858
1701.7601515879755,1.0002546075854593,0.013052772055396638
1701.7809851798856,1.0012563192568722,0.014755133031689963
1701.8018187717646,1.0021430837137375,0.014648587237010369
1701.822652363615,1.0003435967478145,0.012805381477339223
1701.8643195472353,1.0011691468512045,0.014737436213053113
1701.8851531389955,1.0020424711420852,0.01104920027941836
1701.9059867307274,0.9999924057973839,0.013939072518673132
1701.9268203224385,0.9997838383015651,0.01422495823830143
1701.9684875057544,1.001796309005557,0.009283714568605958
1701.9893210973694,0.9957472430830829,0.013929585564352347
1702.0101546889637,0.9990714211542706,0.01340488401384119
1702.0309882805204,1.0017897050871623,0.013617610720341889
1702.051821872047,1.0020091969038483,0.013696790300634603
1702.072655463546,0.9987846655596593,0.013950383887286378
1702.0934890550247,1.0011590469313572,0.015327451795234296
1702.114322646466,0.9995179764552263,0.013362192719397654
1702.1351562378775,1.0027084171708969,0.01385368992978606
1702.1559898292614,1.000557137231202,0.013623996170365494
1702.1768234206259,1.0015831048490555,0.01203365423162914
1702.1976570119527,0.997237222684156,0.015055431624228685
1702.21849060325,1.0006404648510576,0.011476113223853725
1702.2393241945201,1.0046501775865229,0.008594085966056524
1702.2601577857708,0.9988575323026877,0.014962386495313286
1702.3018249681681,0.9993471588651931,0.01603751383785927
1702.3226585593252,0.9991463547675103,0.011743754800557433
1702.343492150463,0.9995780739467486,0.013786551483823576
1702.3643257415636,0.9966775671165825,0.01262950793954619
1702.3851593326349,0.999441985377182,0.015003618258322854
1702.4059929236794,0.9985237618918621,0.012392698964385036
1702.4268265147045,1.0032691709498522,0.014104729336428394
1702.447660105693,0.9991541813153707,0.012795529640159944
1702.4684936966523,0.999635620069722,0.014964210909605745
1702.489327287585,1.0025787442599536,0.011854314306680437
1702.5101608784983,1.0033647623363946,0.011540697489806765
1702.530994469375,1.0023223932522511,0.013893827044220155
1702.5518280602225,1.0022585106072102,0.011301516776065416
1702.5726616510435,1.002076340214956,0.014480193797816418
1702.5934952418454,0.9998269332070191,0.013351428675072146
1702.676829604747,1.0013283972882943,0.012099515587586904
1702.7393303766241,1.0037864448349294,0.013175737578708362
1702.7601639672034,0.9973304395476593,0.014247763416957167
1702.780997557746,1.0027150149049757,0.014210180482532513
1702.8018311482597,1.0005348072999258,0.010915470711781129
1702.8226647387467,1.0030129894994393,0.01280629368448545
1702.8434983292145,0.9988329081388253,0.010277108150849788
1702.864331919646,1.004073861483239,0.012461844266069225
1702.8851655100482,1.0034911380359743,0.010718981292483314
1702.9059991004237,1.0021383511561588,0.010707487482440823
1702.92683269078,0.9999081910873322,0.01123310124009821
1702.9476662810998,1.00463519188725,0.008841111661255448
1702.9684998713906,1.003032485621593,0.013536971608615209
1702.9893334616643,0.9982986501766753,0.012357852651399073
1703.0101670518989,1.0051199157504735,0.011579739955665386
1703.0310006421066,1.0007063339832611,0.014484389950689075
1703.051834232285,1.0040724729904789,0.010874238948771557
1703.0726678224466,0.9994820573898215,0.01531449845375784
1703.093501412569,1.0039792443324753,0.01251219810054109
1703.1143350026641,0.9982455111038727,0.014828109603388316
1703.13516859273,0.9994782372780409,0.015303916850861576
1703.1560021827788,1.0091411394340275,0.007387783235882752
1703.176835772788,0.9988873700094807,0.013964796760196803
1703.1976693627703,1.001009602874512,0.01239999662155487
1703.2185029527227,1.0010014844596273,0.009969876783999722
1703.239336542658,1.0009954761632263,0.015336938749555083
1703.2601701325536,1.0012139067992119,0.013926666501484414
1703.281003722422,1.0013602280863796,0.012709417285555887
1703.3018373122604,1.0049382915587424,0.01178608121214248
1703.3226709020814,1.0061909483453604,0.014547149802349658
1703.3435044918626,0.9998998686435445,0.01506017510138908
1703.364338081616,1.00120543683258,0.013381166628039226
1703.3851716713496,1.001650934295456,0.013768854665186726
1703.4060052610453,1.000195787428257,0.013696425417776109
1703.4268388507107,1.0001232333939947,0.019399179613143892
1703.4476724403485,1.0070425777195302,0.011819650435123721
1703.468506029966,1.0033610697562543,0.013054231586830604
1703.4893396195453,1.0056267140107347,0.01427458230705631
1703.510173209094,1.0011205565038568,0.01656604665838459
1703.531006798615,1.0035824243300717,0.013213320513133014
1703.551840388115,1.002813066384942,0.014098891210692525
1703.5726739775769,1.0029413450595233,0.014763707778864519
1703.5935075670077,0.996911446840303,0.013043467542505098
1703.61434115641,0.9962733230441286,0.012629690380975438
1703.6351747457916,1.0023459560114711,0.011202451079984901
1703.6560083351344,1.0009265934870324,0.013308737380628611
1703.6768419244459,1.0044255973830414,0.009091968626468536
1703.6976755137287,1.0056432893135898,0.00973069607025837
1703.7185091029899,1.0021962865460392,0.014063315131989579
1703.7393426922122,1.002062847472566,0.010812208862827959
1703.7601762814027,1.0003091184724353,0.012821983647400597
1703.7810098705643,1.0007785027991407,0.01193933201270902
1703.8018434597036,1.0026699706002953,0.010137540457476687
1703.8226770488038,0.9997088276142073,0.013211313657411308
1703.8435106378718,1.0005894573988996,0.013706459696384633
1703.8643442269204,1.0022595451415737,0.010200482750566517
1703.8851778159262,0.9972498726879374,0.011171253595583856
1703.9060114049025,0.9990880727792513,0.014868611600680903
1703.926844993846,0.9996104694625969,0.010445319148614489
1703.9476785827596,0.9983479935148085,0.011658737094528852
1703.9685121716502,0.9971645190962811,0.015019308221238002
1703.9893457605006,1.00224261039426,0.00831695743503203
1704.0101793493175,0.9982261310585343,0.015255752313540665
1704.0310129381141,1.0012639080843682,0.009360522410318475
1704.0518465268672,1.001016870589759,0.011781702617840577
1704.0726801155897,0.9989708823727637,0.01175360663773671
1704.0935137042782,0.9981569783192313,0.014701860134350165
1704.1143472929457,1.0030896071109825,0.009450101152078203
1704.135180881569,1.0014638094099912,0.01043291313142577
1704.1560144701614,1.000422620771503,0.00948294060934246
1704.176848058719,1.0012455512163876,0.012174863897865453
1704.1976816472552,1.000454421345722,0.010552594709011069
1704.2185152357467,1.0001935079459072,0.011471552188122578
1704.2393488242062,1.0021167575928884,0.01344337915541207
1704.2601824126307,0.9969776708005531,0.013617975603200381
1704.281016001033,1.0000755616566623,0.012140200026308735
1704.30184958939,0.9988601597364396,0.012375914352894415
1704.3226831777145,1.001714362271482,0.01183698237090208
1704.343516766013,0.9983460083873367,0.013627097674662674
1704.3643503542692,1.0025308367880628,0.011891167475388107
1704.385183942489,1.0029350643998713,0.008640061206226487
1704.4060175306856,1.0002140046519914,0.011313010586107905
1704.4268511188357,1.0026101985763465,0.008299260616395179
1704.4476847069523,1.0018138983929201,0.011877119485336173
1704.468518295032,1.0016009102227725,0.011346214926230657
1704.4893518830781,1.0003187582619057,0.01048344940732688
1704.5101854710967,0.9988156197982331,0.01284752544749502
1704.5310190590712,1.0003375461923754,0.012783123622971224
1704.5518526470082,0.9952630585213363,0.014959467432445353
1704.5726862349204,1.0008161116396113,0.011947541877025085
1704.5935198227846,1.0022211647521058,0.011584118549967286
1704.6143534106138,1.0003366952366413,0.013500848205624524
1704.6351869984046,0.9979183745229369,0.012637717803862256
1704.6560205861701,0.9994145729170985,0.018552104057155266
1704.6768541738866,1.0073861923813108,0.008229750431852497
1704.6976877615673,0.9967324037228671,0.016752501799073883
1704.7185213492087,0.9987375115612579,0.012812861575938302
1704.739354936824,1.002262599769457,0.007048259736056165
1704.7601885243894,0.9965814375471231,0.01663026604147914
1704.7810221119182,1.0008089165713507,0.01162334345725515
1704.8018556994166,1.000993586326608,0.014970413918200105
1704.8226892868681,1.0013446983464802,0.014455016880580488
1704.8435228742787,0.9959800740904293,0.016265930507275116
1704.864356461652,1.0028274033832048,0.012553612304979905
1704.885190048994,1.0015180669008055,0.013092179404113748
1704.906023636288,1.0046708171607568,0.014049814466225382
1704.9268572235403,1.0025642898359022,0.012473520517540962
1704.9476908107542,0.9978509424778351,0.017125776963310958
1704.9685243979359,1.0035591493375682,0.011282360425994597
1704.9893579850686,0.9986883572368236,0.013401782509544009
1705.0101915721584,1.000080481266135,0.013403789365265716
1705.031025159219,0.9997127686619923,0.012085102714676478
1705.0518587462261,1.0012651038941929,0.011569705677056863
1705.0726923331936,0.9985944268721394,0.013636767070412706
1705.093525920117,1.0015555179482312,0.011538143309797324
1705.11435950701,1.0004396667781585,0.012256597658167608
1705.1351930938483,1.0017392495902206,0.008039464021149042
1705.1560266806462,1.0026729165837427,0.012688618962621856
1705.1768602673988,0.9980481262756173,0.014342450518735778
1705.19769385412,0.9893425247669699,0.009646773012805263
1705.2185274407852,0.9878593256432795,0.016365543527643366
1705.239361027409,0.9898629515837365,0.007464773519024514
1705.260194613986,0.983554143544066,0.013341029513605133
1705.2810282005307,0.9856241055267041,0.010916200477498111
1705.3018617870184,0.9810897804241984,0.013950019004427886
1705.3226953734631,0.9861154220863337,0.012260611369611017
1705.3435289598604,0.990818539181764,0.009717560287352668
1705.3643625462237,0.9971123566825925,0.013081780242646732
1705.385196132529,1.0032125391950943,0.010593644030591392
1705.40602971879,0.9990754292312378,0.012506177533375974
1705.426863305012,0.9988579717590303,0.01496129184673781
1705.4476968911792,0.9949173324599252,0.01387941417130973
1705.4685304772968,1.003096179833359,0.012957355187901042
1705.4893640633688,0.9968576157992165,0.017645552595232476
1705.5101976494007,1.0009646100581204,0.015050505705639048
1705.5310312353763,1.0060208952160705,0.010831000330040285
1705.551864821301,1.0074302500886392,0.010599664597756506
1705.572698407179,1.0003741749422854,0.014522155326542972
1705.593531993015,1.0004882348063768,0.015280746789347351
1705.6143655787937,1.0015293762049322,0.01498738097111997
1705.63519916452,1.0044112863535268,0.013467278982643282
1705.6560327502082,1.0049424422285553,0.009504833580851966
1705.676866335833,0.9986041738760939,0.01456703591813746
1705.697699921409,1.0056123132054784,0.009926820606697693
1705.718533506941,0.9981531454117439,0.01484836060203461
1705.7393670924134,1.0086112629229842,0.00970716112588565
1705.760200677831,1.0027150925223323,0.010117107017401148
1705.7810342631985,0.9986053273034857,0.012386495955790677
1705.8018678485203,1.0039892040536085,0.011271049057381351
1705.822701433781,0.9989077609101331,0.012154795340648407
1705.8435350189852,1.002838759268495,0.009187385493964133
1705.8643686041376,1.0014128423723587,0.011136589724027137
1705.9060357742853,1.0043531952421005,0.008035085426847142
1705.9268693592696,0.9974346903618189,0.01645877109798801
1705.9477029442007,0.9990876754390934,0.01381337037392272
1705.9685365290827,1.004952322311147,0.009509759499441607
1705.9893701139006,1.0027514017994066,0.012665266459678384
1706.0102036986584,1.0019450558305882,0.010884090785950836
1706.0310372833712,0.9976003681429533,0.010638707063615126
1706.051870868013,0.999225545429672,0.0167959228592344
1706.0727044525993,1.0035782049729411,0.01226225334247423
1706.114371621601,1.002959976170654,0.010421236879954035
1706.1352052060058,1.0035495710445397,0.01135095840339105
1706.156038790353,1.0019191562364989,0.011635202150156133
1706.1768723746463,0.9990969709100834,0.013040548479637164
1706.1977059588712,0.9990566964850248,0.01582533445564631
1706.2185395430313,1.0025493973783226,0.015283118527927547
1706.2393731271318,0.9996049759178749,0.015806907871292474
1706.2602067111766,0.9993905783018466,0.012203324760827812
1706.2810402951511,1.0022977447979964,0.015052877444219244
1706.3018738790586,0.9997790494845264,0.015139537123111037
1706.3227074629149,0.9991397263214613,0.012876351193315868
1706.343541046693,0.998539698242594,0.013373321646581652
1706.364374630409,1.0027542794175288,0.01089722656885654
1706.3852082140559,0.9966788060220887,0.01621156296135984
1706.4060417976493,1.0036404919501885,0.009692200928687488
1706.4268753811627,1.0006901969127922,0.01552302900738588
1706.4477089646118,1.0053105994855747,0.009451743124941415
1706.4685425479895,1.0004541711984267,0.015230392954875487
1706.489376131312,1.0036664790457135,0.009692383370116735
1706.5102097145516,0.99995068300766,0.012588276176536623
1706.5310432977249,1.0026338453860293,0.009162573459586694
1706.5518768808345,1.0007835242428775,0.01575655403682061
1706.5727104638665,0.9986250050289052,0.0127575818228768
1706.5935440468238,1.0069910516020246,0.01216081590781352
1706.6143776297122,1.0019259777139844,0.012186540149337191
1706.6352112125344,1.0035024382593207,0.012241819902398691
1706.656044795277,1.0029917340704333,0.013684201842016635
1706.6768783779419,1.0001376310686154,0.011396568760702521
1706.6977119605358,0.9996028485619531,0.013600826108851268
1706.718545543061,0.9996004324997849,0.014671209974236857
1706.7393791255042,1.00252633482755,0.010028805365646142
1706.760212707867,1.0040337910282002,0.00823321681900817
1706.7810462901666,1.0035833409757353,0.01267073970255576
1706.8018798723745,1.0023918113001284,0.010050515895726402
1706.822713454508,1.0009376082910493,0.010734488813969214
1706.8435470365685,1.0016308985158386,0.007265912361146502
1706.864380618543,1.0019409715879108,0.010980784743451155
1706.8852142004332,0.99916023542787,0.013880508819885205
1706.9060477822463,1.0016777235775596,0.009030485864812674
1706.9268813639835,0.9982901290023414,0.01344392647969981
1706.9477149456322,1.002335849571156,0.012221386462323153
1706.9685485271937,1.0049938717797644,0.009272768082851206
1706.989382108675,1.0058333340337975,0.008876140415670659
1707.0102156900778,1.0019926086784665,0.011949183849888296
1707.031049271389,1.0009954971547836,0.011733720521948909
1707.05188285261,0.9961371191897813,0.013991250767437456
1707.0727164337584,1.004543716356501,0.012546314647810069
1707.0935500148048,1.0022191304948862,0.013032521056750346
1707.1143835957669,0.9972666711951774,0.014546055153774185
1707.1352171766355,0.9972898072129808,0.01185996999098706
1707.1560507574281,1.000580674272465,0.009387706183276112
1707.176884338116,0.9989198635109072,0.013802423888167967
1707.1977179187163,1.0025052817196063,0.011828590065156767
1707.2185514992298,1.0024272812289452,0.009655347759979822
1707.2393850796445,1.0054426477501677,0.008150388410130539
1707.2602186599604,1.0025098781911062,0.013759367710865939
1707.281052240196,0.9992643371261206,0.01363403044897402
1707.3018858203209,1.0015271380199267,0.008723436939391855
1707.322719400354,0.9988019670655817,0.015070026938568355
1707.3435529802848,1.0019443825382282,0.010238795450708152
1707.3643865601318,1.0041988935088069,0.00911440892226578
1707.3852201398647,1.000246985450759,0.01629840508168088
1707.406053719502,1.004301707315441,0.007941857856502496
1707.4268872990335,1.0002108080479195,0.013944910644409001
1707.4477208784779,0.9983080517499314,0.010939552980441586
1707.468554457804,0.9997653795292383,0.013174825371562133
1707.4893880370312,1.0071390260880557,0.012091123281841592
1707.5102216161586,1.0027534596053118,0.011262109427348305
1707.531055195175,1.0013293255747713,0.010139729754627638
1707.5518887740793,1.0036129468216466,0.006795031032262881
1707.572722352891,1.00734713522249,0.00259012097100379
1707.5935559315787,0.9965639643763198,0.016604724241384716
1707.6143895101618,1.0003510472462034,0.008687131094971923
1707.6352230886284,1.0035117270543805,0.0017935816909162665
1707.6560566669987,0.9994548913461179,0.006707094263366365
1707.6768902452404,1.0079410647253317,0.00030595427684534574
1707.6977238233735,1.0033549290724793,0.007158636800749924
1707.718557401396,0.9998613569655408,0.004168786658268408
1707.739390979298,1.0005471141887323,0.008183775191682535
1707.7602245570768,0.999561589752398,0.010103788793066198
1707.781058134743,1.0034956916392055,0.0031317895744348125
1707.8018917122938,1.0080711842041044,0.00044679906022316625
1707.8227252897198,1.0012402924158683,0.00722121421098126
1707.843558867018,0.9986617793623359,0.007386141263019538
1707.8643924442092,0.9959727978028811,0.008357641873753862
1707.88522602126,0.9990823027088378,0.0008284665302055504
1707.9060595981919,1.006760796111748,0.003175028193166087
1707.9268931749907,1.0019369107357332,0.0011360627799141096
1707.9477267516781,1.0011966696796892,0.003854622517106998
1707.9685603282203,0.9949265039148193,0.00855705035591961
1707.9893939046385,1.0040109102137675,0.0
1708.0102274809287,0.9962590151738488,0.00655585031852153
1708.0310610570828,1.003942562213011,0.004297407865886754
1708.0518946330963,1.0011283943973999,0.00777018047158212
1708.0727282089808,0.9974404978881151,0.01243502537597008
1708.0935617847322,0.9996010010826668,0.005594201544966484
1708.114395360342,1.003861487442965,0.00467287232727478
1708.1352289358058,0.9995489139911697,0.004362721897556781
1708.1560625111458,1.0050095885758503,0.004009697731965999
1708.176896086327,1.001505653530294,0.006382348519308695
1708.1977296613713,1.003820431691273,0.002884763879235888
1708.218563236264,0.9999026070430453,0.007036218601725937
1708.2393968110275,1.0057425856458753,0.0004070268286475631
1708.260230385626,0.9967083206887258,0.007111019587716748
1708.2810639600827,0.9980724233461927,0.0074021961087931765
1708.3018975343914,0.9986282591187456,0.007591387870921156
1708.3227311085454,1.0001109214693338,0.007840967746129522
1708.3435646825385,1.0035993370303842,0.0032509238277323746
1708.364398256394,1.0027150754051204,0.007634079165364692
1708.3852318300753,1.0018826958060163,0.006741575693493837
1708.4060654036064,1.0035272926698395,0.007878185797695683
1708.4268989769698,0.9986927486802637,0.008282111122046066
1708.44773255019,0.9995853151546371,0.005263800116602191
1708.4685661232295,0.9991036796109617,0.007117769920598847
1708.4893996961125,0.999823211530716,0.0075180464163643115
1708.5102332688316,1.0056243831607772,0.005255225369427635
1708.5519004137536,1.0016957901755257,0.007915586290691088
1708.5727339859636,0.9952395747294557,0.009924813750975989
1708.5935675580026,0.998587517657424,0.009007133361869202
1708.6144011298663,0.9983529817247264,0.008592079110334818
1708.6352347015454,0.9935874266572884,0.009001112794704088
1708.6560682730658,0.9950742420083841,0.006716033893399413
1708.6769018443883,0.9986649953416994,0.008250366313357281
1708.697735415539,1.0015219568237017,0.0015210141956229204
1708.7185689865084,0.9986240779594958,0.007986008682379999
1708.7394025572926,0.9986209122956116,0.005585444356362683
1708.8019032685152,0.9988353078226079,0.009244307219888849
1708.822736838546,0.9982671849287097,0.006292587336119721
1708.8435704083747,1.002298565046063,0.0045579342268498736
1708.8644039780288,1.0011723736882157,0.004554285398264956
1708.8852375474673,0.9952706580880458,0.010887922055965001
1708.9060711167176,0.9966611060629125,0.009029208774807953
1708.9269046857692,0.9938015690488093,0.01004212358998109
1708.9477382546193,0.9929856437304241,0.01127688718311722
1708.9685718232572,0.9947001355959469,0.006915077492706671
1708.9894053917005,0.9937187630225032,0.009158559748143284
1709.0102389599383,1.0003031334214272,0.00612382901406728
1709.0310725279687,0.9998137768355386,0.004010609939112227
1709.0519060957802,0.9998909057986506,0.008837097949812038
1709.0727396634013,0.989223534994676,0.012385766190073692
1709.0935732307905,0.9948453565465637,0.007490497760548184
1709.1144067979767,0.9945470001902956,0.009184283989666952
1709.135240364938,1.0018514334035173,0.0059136564875760245
1709.1560739317038,0.9974040230340175,0.009212562411200064
1709.1769074982324,0.994907099330979,0.00839978584390966
1709.1977410645527,1.001481195799455,0.008172281381640044
1709.2185746306538,1.0001686601008024,0.006828965138102615
1709.2394081965347,0.9967463954257498,0.007105546344839372
1709.2602417621843,0.9967319959858847,0.007171772583655627
1709.2810753276324,0.9991899358242472,0.006374868420709614
1709.3019088928377,0.9989408843098576,0.009368914716063787
1709.32274245783,0.9946252317818971,0.013361462953680672
1709.343576022589,0.9983489601916055,0.011927473319808037
1709.3644095871446,0.9949065164063099,0.010833736951478974
1709.3852431514567,0.9968687160843911,0.01201851159300173
1709.4060767155554,0.9948190889455951,0.013144540094307317
1709.4269102794317,0.9989502533173839,0.007894605526327812
1709.4685774065083,0.9991682286545678,0.015589255246202137
1709.4894109697204,1.004292342802392,0.006717675866262627
1709.5102445327154,1.001734713742148,0.0081963636503005
1709.5310780954924,0.9941400832113573,0.014773742057473045
1709.5519116580472,0.9988010304272252,0.010303744599519686
1709.5727452204085,0.9988659562093314,0.01366723478909677
1709.593578782544,1.0000630047333108,0.017971940312153354
1709.6352459062236,0.9845465556008446,0.012576599925064887
1709.6560794677657,0.9838027329266309,0.01324853170897747
1709.6769130291127,0.9781048869089257,0.013577838488766288
1709.6977465902812,0.9870488424889989,0.007471341410477366
1709.7185801512794,0.9845129710897844,0.01081439815997891
1709.7394137121023,0.9877964026155492,0.008617438468999997
1709.7602472727638,0.981406562923519,0.01192729087837879
1709.7810808332872,0.9874058223973499,0.011433421929410187
1709.8019143936622,0.9972831328675724,0.01304602172251454
1709.8227479539105,0.9998994958579295,0.013669059203389228
1709.843581514049,0.9984709217445618,0.01202964052018573
1709.8644150740975,1.0026493070985565,0.00772986091571878
1709.8852486340616,0.9976643707027741,0.01202964052018573
1709.9060821939674,1.0043520849357743,0.012198763725096665
1709.9269157538326,1.0006959390347308,0.010936086593285913
1709.9477493136692,1.001458017420807,0.011566786614188928
1709.968582873527,1.0013444150617716,0.011107034212489306
1709.9894164334148,1.001679279284232,0.013486617774143344
1710.0102499933773,1.001089308314728,0.01317810931728856
1710.0310835534176,1.0013550980996857,0.007921424416426957
1710.0519171136295,0.9997252707606048,0.011155381191239464
1710.0727506739793,1.0034847034899157,0.013574007218752123
1710.093584234582,1.0019454022385508,0.013375875826591095
1710.1144177954266,1.0039943926723418,0.008756276396656113
1710.1352513566233,0.9982686797228957,0.009790171976192528
1710.1560849181517,1.0031686678093283,0.005247562829399309
1710.1769184801815,1.0015440906144342,0.00706668632041
